
            
              888888888888888
           8888             8888 
          8                     8
          88888             88888
          8   888888888888888   8
          8                     8
          8                     8
          8                     8
          8                     8
          8                     8
          8                     8
          8                     8
          8                     8
          8                     8
          8                     8
          8                     8
           8888             8888 
            888888888888888888
